{
    "heights": [
        3.3544909999999999, 
        3.6894900000000002, 
        4.1599560000000002, 
        3.2553920000000001, 
        3.9705849999999998, 
        4.1759880000000003, 
        4.7739200000000004, 
        3.1774420000000001, 
        4.4818049999999996, 
        3.7101000000000002, 
        3.7749239999999999, 
        3.7789429999999999, 
        3.881802, 
        4.4634410000000004, 
        4.7594070000000004, 
        3.7273700000000001, 
        3.867219, 
        4.8705769999999999, 
        3.0646100000000001, 
        3.0028329999999999, 
        3.7532890000000001, 
        3.3846889999999998, 
        4.390676, 
        3.8514330000000001, 
        3.4528780000000001, 
        3.966412, 
        4.4671409999999998, 
        4.1870260000000004, 
        4.1546919999999998, 
        3.2947890000000002, 
        3.6111759999999999, 
        3.7394409999999998, 
        3.563914, 
        3.3393760000000001, 
        3.042475, 
        4.0667419999999996, 
        3.193568, 
        4.342803, 
        3.4841160000000002, 
        3.7126459999999999, 
        3.589353, 
        4.7732929999999998, 
        4.7914409999999998, 
        3.2374390000000002, 
        4.5532560000000002, 
        3.8208799999999998, 
        4.872833, 
        4.6402830000000002, 
        4.2923549999999997, 
        4.4401000000000002, 
        4.0353560000000002, 
        4.8593330000000003, 
        4.6954710000000004, 
        3.4244189999999999, 
        4.2297880000000001, 
        4.9698019999999996, 
        4.2988140000000001, 
        3.308522, 
        4.8025140000000004, 
        3.0041730000000002, 
        4.7088469999999996, 
        3.586894, 
        4.0227500000000003, 
        4.187017, 
        3.0989239999999998, 
        3.0354830000000002, 
        3.2150289999999999, 
        3.5424259999999999, 
        4.4209649999999998, 
        3.6926649999999999, 
        3.5338020000000001, 
        4.5244150000000003, 
        4.3864609999999997, 
        4.3519639999999997, 
        4.4134799999999998, 
        3.979997, 
        3.593248, 
        4.1532369999999998, 
        4.2981769999999999, 
        4.6319980000000003, 
        4.0935790000000001, 
        4.8268579999999996, 
        4.8946699999999996, 
        4.7145919999999997, 
        4.2594320000000003, 
        3.7518440000000002, 
        4.043971, 
        3.1394950000000001, 
        4.1095879999999996, 
        3.072673, 
        4.7679280000000004, 
        4.885046, 
        4.5402889999999996, 
        3.479943, 
        4.0037989999999999, 
        3.002459, 
        3.750543, 
        3.6044239999999999, 
        3.1385149999999999, 
        4.517773
    ], 
    "wwrs": [
        0.65081299999999997, 
        0.206954, 
        0.26990599999999998, 
        0.72596400000000005, 
        0.44522400000000001, 
        0.38443100000000002, 
        0.17521100000000001, 
        0.78900199999999998, 
        0.14932699999999999, 
        0.44473699999999999, 
        0.59711899999999996, 
        0.78962299999999996, 
        0.67325500000000005, 
        0.43312600000000001, 
        0.43701400000000001, 
        0.550373, 
        0.35994300000000001, 
        0.44673099999999999, 
        0.34775899999999998, 
        0.79630000000000001, 
        0.19707, 
        0.78702799999999995, 
        0.251919, 
        0.63639100000000004, 
        0.20505899999999999, 
        0.52410199999999996, 
        0.3997, 
        0.22447300000000001, 
        0.41649799999999998, 
        0.25057000000000001, 
        0.391598, 
        0.12694800000000001, 
        0.34519, 
        0.53071699999999999, 
        0.360514, 
        0.69249000000000005, 
        0.61738899999999997, 
        0.392932, 
        0.53710800000000003, 
        0.20677200000000001, 
        0.58826900000000004, 
        0.56309799999999999, 
        0.39583800000000002, 
        0.17178599999999999, 
        0.16159799999999999, 
        0.66753499999999999, 
        0.689886, 
        0.69419900000000001, 
        0.51241700000000001, 
        0.46788400000000002, 
        0.32018999999999997, 
        0.79036700000000004, 
        0.652138, 
        0.506799, 
        0.24045900000000001, 
        0.66378499999999996, 
        0.75503399999999998, 
        0.43351499999999998, 
        0.62090500000000004, 
        0.72112200000000004, 
        0.78473099999999996, 
        0.75073800000000002, 
        0.47250300000000001, 
        0.69875699999999996, 
        0.15314, 
        0.57016999999999995, 
        0.54443299999999994, 
        0.242538, 
        0.17261099999999999, 
        0.54452400000000001, 
        0.73298399999999997, 
        0.76700999999999997, 
        0.709623, 
        0.24098600000000001, 
        0.30803000000000003, 
        0.43397200000000002, 
        0.49119099999999999, 
        0.18013299999999999, 
        0.57479199999999997, 
        0.33752500000000002, 
        0.634216, 
        0.50550099999999998, 
        0.51205599999999996, 
        0.748614, 
        0.73038000000000003, 
        0.401231, 
        0.27481, 
        0.63839100000000004, 
        0.39025799999999999, 
        0.49672899999999998, 
        0.73745499999999997, 
        0.28387400000000002, 
        0.57202799999999998, 
        0.61598600000000003, 
        0.22204099999999999, 
        0.63753199999999999, 
        0.19059499999999999, 
        0.49708000000000002, 
        0.118646, 
        0.391428
    ], 
    "core_depths": [
        4.3472720000000002, 
        3.0529850000000001, 
        3.5880510000000001, 
        8.4841470000000001, 
        3.9137629999999999, 
        2.3877959999999998, 
        4.2011419999999999, 
        1.2673700000000001, 
        2.8975580000000001, 
        3.5773679999999999, 
        5.6648579999999997, 
        1.2910250000000001, 
        3.925627, 
        6.6199899999999996, 
        2.128803, 
        5.8850360000000004, 
        9.4017490000000006, 
        1.7630220000000001, 
        11.617607, 
        10.179974, 
        6.177365, 
        3.0740949999999998, 
        1.9036139999999999, 
        2.1659320000000002, 
        12.140745000000001, 
        3.9060920000000001, 
        2.1025909999999999, 
        6.3221740000000004, 
        3.1069390000000001, 
        11.197044999999999, 
        2.2891699999999999, 
        8.6529799999999994, 
        4.0856849999999998, 
        0.72501000000000004, 
        5.8521999999999998, 
        8.3279230000000002, 
        10.13246, 
        1.1639729999999999, 
        8.4397190000000002, 
        7.1795640000000001, 
        8.4853559999999995, 
        6.7286570000000001, 
        3.827448, 
        0.86940399999999995, 
        1.9777359999999999, 
        9.9990799999999993, 
        10.709847999999999, 
        1.546746, 
        3.8438370000000002, 
        11.715617999999999, 
        4.5139240000000003, 
        2.8856920000000001, 
        3.9684490000000001, 
        1.3504160000000001, 
        9.6318889999999993, 
        8.7148830000000004, 
        1.2174860000000001, 
        7.5940430000000001, 
        10.630119000000001, 
        7.0840829999999997, 
        2.9013559999999998, 
        1.423951, 
        6.1894289999999996, 
        5.1027760000000004, 
        0.89508600000000005, 
        4.4773149999999999, 
        2.1227290000000001, 
        2.9458690000000001, 
        0.82084599999999996, 
        8.0917929999999991, 
        4.1549319999999996, 
        4.6500450000000004, 
        9.2408839999999994, 
        1.130835, 
        8.1582030000000003, 
        1.4265000000000001, 
        1.141899, 
        1.1203780000000001, 
        7.594824, 
        1.2354000000000001, 
        5.2637349999999996, 
        11.876355, 
        8.9126539999999999, 
        5.9160719999999998, 
        5.6661349999999997, 
        2.1406139999999998, 
        7.532152, 
        2.7548949999999999, 
        4.4132179999999996, 
        11.610583, 
        6.6500450000000004, 
        7.7886389999999999, 
        6.370857, 
        6.0865629999999999, 
        3.429735, 
        9.7892890000000001, 
        0.59726900000000005, 
        3.8386179999999999, 
        2.6910859999999999, 
        4.7639420000000001
    ], 
    "footprint_areas": [
        1073.44496, 
        665.45565099999999, 
        1042.5785550000001, 
        2240.8794889999999, 
        948.90695600000004, 
        468.47356200000002, 
        1087.8808240000001, 
        443.48638499999998, 
        568.50559399999997, 
        991.01522799999998, 
        1643.8281850000001, 
        312.44671299999999, 
        870.58502199999998, 
        1765.372801, 
        488.15171800000002, 
        1615.9159259999999, 
        2720.1226000000001, 
        597.70387500000004, 
        3558.6857949999999, 
        3028.884035, 
        1415.542543, 
        647.63117, 
        393.594877, 
        694.135898, 
        3824.3297299999999, 
        889.90604900000005, 
        812.48742000000004, 
        1571.9430850000001, 
        668.56453499999998, 
        3392.0729679999999, 
        706.61530600000003, 
        2327.484778, 
        959.78613199999995, 
        174.80221900000001, 
        1408.712998, 
        2141.0420709999999, 
        2901.8328820000002, 
        523.40203899999995, 
        2209.079201, 
        1888.0651350000001, 
        2248.9469239999999, 
        1645.241518, 
        1009.426792, 
        212.733045, 
        583.73161100000004, 
        2829.9497799999999, 
        3235.966214, 
        301.86086499999999, 
        771.40625299999999, 
        3621.6540730000002, 
        940.29305499999998, 
        778.82908299999997, 
        1158.5370780000001, 
        315.39370600000001, 
        2697.1548590000002, 
        2358.1731129999998, 
        267.63726100000002, 
        1979.4862869999999, 
        3108.121866, 
        1727.3058840000001, 
        553.51008000000002, 
        653.136483, 
        1449.9048560000001, 
        1175.927639, 
        199.001903, 
        1140.899105, 
        527.08911499999999, 
        665.63902299999995, 
        225.01551799999999, 
        2156.5630120000001, 
        876.81377499999996, 
        1026.009174, 
        2674.3941009999999, 
        401.39513099999999, 
        2204.0918769999998, 
        668.79728599999999, 
        515.087763, 
        237.49167800000001, 
        1899.768431, 
        303.185473, 
        1489.900596, 
        3706.589712, 
        2598.8175430000001, 
        1338.5944219999999, 
        1332.2105690000001, 
        858.47478100000001, 
        2089.7069000000001, 
        563.09744799999999, 
        931.04228000000001, 
        3559.3839819999998, 
        1555.0940410000001, 
        2136.6102380000002, 
        1720.8154910000001, 
        1689.0050940000001, 
        832.86290699999995, 
        2730.2569570000001, 
        159.71837500000001, 
        1140.27342, 
        963.07990199999995, 
        995.14568999999995
    ], 
    "edge_weights": [
        [
            0.350165, 
            0.149835, 
            0.350165, 
            0.149835
        ], 
        [
            0.169263, 
            0.330737, 
            0.169263, 
            0.330737
        ], 
        [
            0.11383600000000001, 
            0.38616400000000001, 
            0.11383600000000001, 
            0.38616400000000001
        ], 
        [
            0.21648800000000001, 
            0.28351199999999999, 
            0.21648800000000001, 
            0.28351199999999999
        ], 
        [
            0.14937400000000001, 
            0.35062599999999999, 
            0.14937400000000001, 
            0.35062599999999999
        ], 
        [
            0.293043, 
            0.206957, 
            0.293043, 
            0.206957
        ], 
        [
            0.36216500000000001, 
            0.13783500000000001, 
            0.36216500000000001, 
            0.13783500000000001
        ], 
        [
            0.39471400000000001, 
            0.105286, 
            0.39471400000000001, 
            0.105286
        ], 
        [
            0.21154800000000001, 
            0.28845199999999999, 
            0.21154800000000001, 
            0.28845199999999999
        ], 
        [
            0.37886999999999998, 
            0.12113, 
            0.37886999999999998, 
            0.12113
        ], 
        [
            0.13034200000000001, 
            0.36965799999999999, 
            0.13034200000000001, 
            0.36965799999999999
        ], 
        [
            0.33719900000000003, 
            0.162801, 
            0.33719900000000003, 
            0.162801
        ], 
        [
            0.32571499999999998, 
            0.174285, 
            0.32571499999999998, 
            0.174285
        ], 
        [
            0.16294600000000001, 
            0.33705400000000002, 
            0.16294600000000001, 
            0.33705400000000002
        ], 
        [
            0.34431899999999999, 
            0.15568100000000001, 
            0.34431899999999999, 
            0.15568100000000001
        ], 
        [
            0.14438799999999999, 
            0.35561199999999998, 
            0.14438799999999999, 
            0.35561199999999998
        ], 
        [
            0.191245, 
            0.308755, 
            0.191245, 
            0.308755
        ], 
        [
            0.098628999999999994, 
            0.40137099999999998, 
            0.098628999999999994, 
            0.40137099999999998
        ], 
        [
            0.24659700000000001, 
            0.25340299999999999, 
            0.24659700000000001, 
            0.25340299999999999
        ], 
        [
            0.19837099999999999, 
            0.30162899999999998, 
            0.19837099999999999, 
            0.30162899999999998
        ], 
        [
            0.223661, 
            0.276339, 
            0.223661, 
            0.276339
        ], 
        [
            0.18054300000000001, 
            0.31945699999999999, 
            0.18054300000000001, 
            0.31945699999999999
        ], 
        [
            0.18809899999999999, 
            0.31190099999999998, 
            0.18809899999999999, 
            0.31190099999999998
        ], 
        [
            0.39882499999999999, 
            0.101175, 
            0.39882499999999999, 
            0.101175
        ], 
        [
            0.23812700000000001, 
            0.26187300000000002, 
            0.23812700000000001, 
            0.26187300000000002
        ], 
        [
            0.33443699999999998, 
            0.16556299999999999, 
            0.33443699999999998, 
            0.16556299999999999
        ], 
        [
            0.08226, 
            0.41774, 
            0.08226, 
            0.41774
        ], 
        [
            0.31914999999999999, 
            0.18085000000000001, 
            0.31914999999999999, 
            0.18085000000000001
        ], 
        [
            0.173704, 
            0.32629599999999997, 
            0.173704, 
            0.32629599999999997
        ], 
        [
            0.27494000000000002, 
            0.22506000000000001, 
            0.27494000000000002, 
            0.22506000000000001
        ], 
        [
            0.39499099999999998, 
            0.10500900000000001, 
            0.39499099999999998, 
            0.10500900000000001
        ], 
        [
            0.209589, 
            0.29041099999999997, 
            0.209589, 
            0.29041099999999997
        ], 
        [
            0.15928600000000001, 
            0.34071400000000002, 
            0.15928600000000001, 
            0.34071400000000002
        ], 
        [
            0.23580100000000001, 
            0.26419900000000002, 
            0.23580100000000001, 
            0.26419900000000002
        ], 
        [
            0.18279400000000001, 
            0.31720599999999999, 
            0.18279400000000001, 
            0.31720599999999999
        ], 
        [
            0.242978, 
            0.25702199999999997, 
            0.242978, 
            0.25702199999999997
        ], 
        [
            0.27378999999999998, 
            0.22620999999999999, 
            0.27378999999999998, 
            0.22620999999999999
        ], 
        [
            0.083414000000000002, 
            0.41658600000000001, 
            0.083414000000000002, 
            0.41658600000000001
        ], 
        [
            0.22283500000000001, 
            0.27716499999999999, 
            0.22283500000000001, 
            0.27716499999999999
        ], 
        [
            0.32148500000000002, 
            0.17851500000000001, 
            0.32148500000000002, 
            0.17851500000000001
        ], 
        [
            0.28634900000000002, 
            0.21365100000000001, 
            0.28634900000000002, 
            0.21365100000000001
        ], 
        [
            0.199681, 
            0.300319, 
            0.199681, 
            0.300319
        ], 
        [
            0.13117100000000001, 
            0.36882900000000002, 
            0.13117100000000001, 
            0.36882900000000002
        ], 
        [
            0.193325, 
            0.30667499999999998, 
            0.193325, 
            0.30667499999999998
        ], 
        [
            0.113068, 
            0.386932, 
            0.113068, 
            0.386932
        ], 
        [
            0.26679000000000003, 
            0.23321, 
            0.26679000000000003, 
            0.23321
        ], 
        [
            0.205849, 
            0.294151, 
            0.205849, 
            0.294151
        ], 
        [
            0.24324000000000001, 
            0.25675999999999999, 
            0.24324000000000001, 
            0.25675999999999999
        ], 
        [
            0.22376499999999999, 
            0.27623500000000001, 
            0.22376499999999999, 
            0.27623500000000001
        ], 
        [
            0.23356399999999999, 
            0.26643600000000001, 
            0.23356399999999999, 
            0.26643600000000001
        ], 
        [
            0.22176599999999999, 
            0.27823399999999998, 
            0.22176599999999999, 
            0.27823399999999998
        ], 
        [
            0.377114, 
            0.122886, 
            0.377114, 
            0.122886
        ], 
        [
            0.11515400000000001, 
            0.38484600000000002, 
            0.11515400000000001, 
            0.38484600000000002
        ], 
        [
            0.16864699999999999, 
            0.33135300000000001, 
            0.16864699999999999, 
            0.33135300000000001
        ], 
        [
            0.221276, 
            0.27872400000000003, 
            0.221276, 
            0.27872400000000003
        ], 
        [
            0.207819, 
            0.29218100000000002, 
            0.207819, 
            0.29218100000000002
        ], 
        [
            0.19439200000000001, 
            0.30560799999999999, 
            0.19439200000000001, 
            0.30560799999999999
        ], 
        [
            0.192633, 
            0.307367, 
            0.192633, 
            0.307367
        ], 
        [
            0.23449999999999999, 
            0.26550000000000001, 
            0.23449999999999999, 
            0.26550000000000001
        ], 
        [
            0.28426699999999999, 
            0.21573300000000001, 
            0.28426699999999999, 
            0.21573300000000001
        ], 
        [
            0.24549499999999999, 
            0.25450499999999998, 
            0.24549499999999999, 
            0.25450499999999998
        ], 
        [
            0.075705999999999996, 
            0.424294, 
            0.075705999999999996, 
            0.424294
        ], 
        [
            0.20627400000000001, 
            0.29372599999999999, 
            0.20627400000000001, 
            0.29372599999999999
        ], 
        [
            0.182925, 
            0.317075, 
            0.182925, 
            0.317075
        ], 
        [
            0.25022699999999998, 
            0.249773, 
            0.25022699999999998, 
            0.249773
        ], 
        [
            0.35592800000000002, 
            0.14407200000000001, 
            0.35592800000000002, 
            0.14407200000000001
        ], 
        [
            0.13914699999999999, 
            0.36085299999999998, 
            0.13914699999999999, 
            0.36085299999999998
        ], 
        [
            0.34135700000000002, 
            0.15864300000000001, 
            0.34135700000000002, 
            0.15864300000000001
        ], 
        [
            0.169071, 
            0.33092899999999997, 
            0.169071, 
            0.33092899999999997
        ], 
        [
            0.30413899999999999, 
            0.19586100000000001, 
            0.30413899999999999, 
            0.19586100000000001
        ], 
        [
            0.30055999999999999, 
            0.19944000000000001, 
            0.30055999999999999, 
            0.19944000000000001
        ], 
        [
            0.309394, 
            0.190606, 
            0.309394, 
            0.190606
        ], 
        [
            0.18701899999999999, 
            0.31298100000000001, 
            0.18701899999999999, 
            0.31298100000000001
        ], 
        [
            0.108339, 
            0.39166099999999998, 
            0.108339, 
            0.39166099999999998
        ], 
        [
            0.30906299999999998, 
            0.190937, 
            0.30906299999999998, 
            0.190937
        ], 
        [
            0.073944999999999997, 
            0.42605500000000002, 
            0.073944999999999997, 
            0.42605500000000002
        ], 
        [
            0.083807999999999994, 
            0.41619200000000001, 
            0.083807999999999994, 
            0.41619200000000001
        ], 
        [
            0.22298299999999999, 
            0.27701700000000001, 
            0.22298299999999999, 
            0.27701700000000001
        ], 
        [
            0.28038299999999999, 
            0.21961700000000001, 
            0.28038299999999999, 
            0.21961700000000001
        ], 
        [
            0.16232099999999999, 
            0.33767900000000001, 
            0.16232099999999999, 
            0.33767900000000001
        ], 
        [
            0.369085, 
            0.130915, 
            0.369085, 
            0.130915
        ], 
        [
            0.26914900000000003, 
            0.230851, 
            0.26914900000000003, 
            0.230851
        ], 
        [
            0.17660000000000001, 
            0.32340000000000002, 
            0.17660000000000001, 
            0.32340000000000002
        ], 
        [
            0.22067600000000001, 
            0.27932400000000002, 
            0.22067600000000001, 
            0.27932400000000002
        ], 
        [
            0.31188100000000002, 
            0.18811900000000001, 
            0.31188100000000002, 
            0.18811900000000001
        ], 
        [
            0.078731999999999996, 
            0.42126799999999998, 
            0.078731999999999996, 
            0.42126799999999998
        ], 
        [
            0.16695399999999999, 
            0.33304600000000001, 
            0.16695399999999999, 
            0.33304600000000001
        ], 
        [
            0.18917900000000001, 
            0.31082100000000001, 
            0.18917900000000001, 
            0.31082100000000001
        ], 
        [
            0.29242899999999999, 
            0.20757100000000001, 
            0.29242899999999999, 
            0.20757100000000001
        ], 
        [
            0.24094299999999999, 
            0.25905699999999998, 
            0.24094299999999999, 
            0.25905699999999998
        ], 
        [
            0.26539000000000001, 
            0.23461000000000001, 
            0.26539000000000001, 
            0.23461000000000001
        ], 
        [
            0.17582500000000001, 
            0.32417499999999999, 
            0.17582500000000001, 
            0.32417499999999999
        ], 
        [
            0.15528600000000001, 
            0.34471400000000002, 
            0.15528600000000001, 
            0.34471400000000002
        ], 
        [
            0.35541600000000001, 
            0.14458399999999999, 
            0.35541600000000001, 
            0.14458399999999999
        ], 
        [
            0.35521900000000001, 
            0.14478099999999999, 
            0.35521900000000001, 
            0.14478099999999999
        ], 
        [
            0.25871499999999997, 
            0.241285, 
            0.25871499999999997, 
            0.241285
        ], 
        [
            0.219169, 
            0.280831, 
            0.219169, 
            0.280831
        ], 
        [
            0.38813799999999998, 
            0.111862, 
            0.38813799999999998, 
            0.111862
        ], 
        [
            0.41266999999999998, 
            0.087330000000000005, 
            0.41266999999999998, 
            0.087330000000000005
        ], 
        [
            0.23719899999999999, 
            0.26280100000000001, 
            0.23719899999999999, 
            0.26280100000000001
        ]
    ], 
    "perim_depths": [
        3.1574469999999999, 
        3.0505819999999999, 
        3.1818360000000001, 
        3.2435510000000001, 
        3.135983, 
        2.9424929999999998, 
        3.1681210000000002, 
        3.0256729999999998, 
        2.9923510000000002, 
        3.1665290000000001, 
        3.2347419999999998, 
        2.850492, 
        3.1043620000000001, 
        3.226683, 
        2.9865439999999999, 
        3.2238099999999998, 
        3.2717369999999999, 
        3.1012520000000001, 
        3.2947320000000002, 
        3.2822520000000002, 
        3.1762109999999999, 
        3.0375830000000001, 
        2.9017300000000001, 
        3.1264509999999999, 
        3.3021029999999998, 
        3.1135060000000001, 
        3.1813099999999999, 
        3.2030470000000002, 
        3.0488550000000001, 
        3.2907000000000002, 
        3.124593, 
        3.2494480000000001, 
        3.1315520000000001, 
        2.5749909999999998, 
        3.1856010000000001, 
        3.235363, 
        3.2736299999999998, 
        3.1007349999999998, 
        3.2409189999999999, 
        3.2298580000000001, 
        3.2444510000000002, 
        3.2042039999999998, 
        3.1608109999999998, 
        2.6820089999999999, 
        3.0757829999999999, 
        3.2702270000000002, 
        3.2880069999999999, 
        2.795204, 
        3.061375, 
        3.2968799999999998, 
        3.1031, 
        3.1220029999999999, 
        3.1969159999999999, 
        2.8477619999999999, 
        3.2656610000000001, 
        3.2513380000000001, 
        2.7699720000000001, 
        3.2320129999999998, 
        3.2807029999999999, 
        3.2080700000000002, 
        2.9793980000000002, 
        3.1564420000000002, 
        3.1832509999999998, 
        3.1558510000000002, 
        2.6316109999999999, 
        3.171532, 
        3.0217749999999999, 
        3.0580419999999999, 
        2.727357, 
        3.2424200000000001, 
        3.0948600000000002, 
        3.1285280000000002, 
        3.2707579999999998, 
        2.9961700000000002, 
        3.24648, 
        3.1637189999999999, 
        3.096819, 
        2.7097500000000001, 
        3.2209889999999999, 
        2.8411689999999998, 
        3.2209759999999998, 
        3.2993890000000001, 
        3.2703540000000002, 
        3.1675230000000001, 
        3.1747869999999998, 
        3.1954009999999999, 
        3.2472150000000002, 
        2.9992869999999998, 
        3.1043769999999999, 
        3.2947700000000002, 
        3.1899259999999998, 
        3.2468810000000001, 
        3.2267549999999998, 
        3.2297410000000002, 
        3.1150000000000002, 
        3.2657370000000001, 
        2.5381170000000002, 
        3.1976239999999998, 
        3.2003010000000001, 
        3.1121949999999998
    ], 
    "n_floors": [
        5, 
        1, 
        5, 
        9, 
        3, 
        3, 
        9, 
        10, 
        4, 
        4, 
        5, 
        1, 
        3, 
        3, 
        7, 
        9, 
        5, 
        8, 
        10, 
        6, 
        4, 
        6, 
        9, 
        9, 
        8, 
        6, 
        5, 
        6, 
        6, 
        9, 
        3, 
        4, 
        7, 
        3, 
        5, 
        3, 
        2, 
        9, 
        3, 
        3, 
        10, 
        8, 
        5, 
        6, 
        7, 
        5, 
        2, 
        7, 
        3, 
        7, 
        7, 
        7, 
        7, 
        8, 
        5, 
        9, 
        3, 
        6, 
        2, 
        6, 
        8, 
        4, 
        4, 
        5, 
        2, 
        1, 
        4, 
        9, 
        7, 
        5, 
        8, 
        6, 
        6, 
        8, 
        7, 
        6, 
        2, 
        4, 
        3, 
        4, 
        6, 
        8, 
        4, 
        9, 
        3, 
        6, 
        8, 
        10, 
        9, 
        6, 
        1, 
        6, 
        8, 
        7, 
        5, 
        7, 
        5, 
        1, 
        5, 
        7
    ], 
    "orientations": [
        [
            2.705333, 
            4.2761300000000002, 
            5.8469259999999998, 
            1.1345369999999999
        ], 
        [
            0.73601399999999995, 
            2.3068110000000002, 
            3.8776069999999998, 
            5.4484029999999999
        ], 
        [
            5.5990089999999997, 
            0.88661999999999996, 
            2.4574159999999998, 
            4.028213
        ], 
        [
            4.8997780000000004, 
            0.187389, 
            1.758186, 
            3.3289819999999999
        ], 
        [
            3.2606549999999999, 
            4.8314510000000004, 
            0.119062, 
            1.689859
        ], 
        [
            6.1268479999999998, 
            1.4144589999999999, 
            2.985255, 
            4.5560510000000001
        ], 
        [
            6.0214030000000003, 
            1.3090139999999999, 
            2.8798110000000001, 
            4.4506069999999998
        ], 
        [
            3.5826250000000002, 
            5.1534209999999998, 
            0.44103199999999998, 
            2.0118290000000001
        ], 
        [
            2.3877299999999999, 
            3.958526, 
            5.5293219999999996, 
            0.81693300000000002
        ], 
        [
            1.87734, 
            3.4481359999999999, 
            5.0189320000000004, 
            0.30654300000000001
        ], 
        [
            1.780821, 
            3.3516170000000001, 
            4.9224129999999997, 
            0.21002399999999999
        ], 
        [
            5.0366799999999996, 
            0.324291, 
            1.895087, 
            3.465884
        ], 
        [
            5.5225400000000002, 
            0.81015099999999995, 
            2.3809469999999999, 
            3.9517440000000001
        ], 
        [
            0.055997999999999999, 
            1.6267940000000001, 
            3.1975910000000001, 
            4.7683869999999997
        ], 
        [
            1.1310549999999999, 
            2.7018520000000001, 
            4.2726480000000002, 
            5.8434439999999999
        ], 
        [
            3.1036109999999999, 
            4.6744079999999997, 
            6.2452040000000002, 
            1.532815
        ], 
        [
            5.0872409999999997, 
            0.37485200000000002, 
            1.945648, 
            3.5164439999999999
        ], 
        [
            0.72442600000000001, 
            2.2952219999999999, 
            3.866018, 
            5.4368150000000002
        ], 
        [
            4.6151910000000003, 
            6.185988, 
            1.4735990000000001, 
            3.0443950000000002
        ], 
        [
            4.6631470000000004, 
            6.233943, 
            1.5215540000000001, 
            3.0923500000000002
        ], 
        [
            5.7495469999999997, 
            1.037158, 
            2.6079539999999999, 
            4.1787510000000001
        ], 
        [
            3.1016370000000002, 
            4.6724329999999998, 
            6.2432290000000004, 
            1.53084
        ], 
        [
            5.2545210000000004, 
            0.54213199999999995, 
            2.1129280000000001, 
            3.6837240000000002
        ], 
        [
            3.662544, 
            5.2333410000000002, 
            0.52095199999999997, 
            2.0917479999999999
        ], 
        [
            0.93227499999999996, 
            2.503072, 
            4.073868, 
            5.6446639999999997
        ], 
        [
            2.5647519999999999, 
            4.135548, 
            5.7063449999999998, 
            0.99395599999999995
        ], 
        [
            1.735139, 
            3.3059349999999998, 
            4.8767310000000004, 
            0.16434199999999999
        ], 
        [
            4.8872200000000001, 
            0.17483099999999999, 
            1.745627, 
            3.316424
        ], 
        [
            3.386657, 
            4.9574530000000001, 
            0.245064, 
            1.81586
        ], 
        [
            1.8123149999999999, 
            3.383111, 
            4.9539070000000001, 
            0.24151800000000001
        ], 
        [
            1.5370740000000001, 
            3.1078700000000001, 
            4.6786669999999999, 
            6.2494630000000004
        ], 
        [
            2.9672070000000001, 
            4.5380029999999998, 
            6.1087999999999996, 
            1.3964110000000001
        ], 
        [
            5.3947010000000004, 
            0.68231200000000003, 
            2.2531080000000001, 
            3.8239049999999999
        ], 
        [
            5.6166099999999997, 
            0.90422100000000005, 
            2.4750169999999998, 
            4.0458129999999999
        ], 
        [
            1.1326879999999999, 
            2.703484, 
            4.2742800000000001, 
            5.8450769999999999
        ], 
        [
            0.35596, 
            1.9267570000000001, 
            3.4975529999999999, 
            5.0683490000000004
        ], 
        [
            6.1885700000000003, 
            1.476181, 
            3.0469780000000002, 
            4.6177739999999998
        ], 
        [
            1.099021, 
            2.6698179999999998, 
            4.2406139999999999, 
            5.8114100000000004
        ], 
        [
            2.2511830000000002, 
            3.8219789999999998, 
            5.3927759999999996, 
            0.68038699999999996
        ], 
        [
            0.69422399999999995, 
            2.2650199999999998, 
            3.8358159999999999, 
            5.4066130000000001
        ], 
        [
            5.34084, 
            0.62845099999999998, 
            2.1992470000000002, 
            3.770044
        ], 
        [
            5.2187140000000003, 
            0.50632500000000003, 
            2.0771220000000001, 
            3.6479180000000002
        ], 
        [
            3.7831489999999999, 
            5.3539450000000004, 
            0.64155600000000002, 
            2.2123520000000001
        ], 
        [
            5.4909730000000003, 
            0.77858400000000005, 
            2.3493810000000002, 
            3.9201769999999998
        ], 
        [
            6.1388749999999996, 
            1.4264859999999999, 
            2.9972819999999998, 
            4.5680779999999999
        ], 
        [
            4.545261, 
            6.1160569999999996, 
            1.4036679999999999, 
            2.9744649999999999
        ], 
        [
            1.218823, 
            2.7896200000000002, 
            4.3604159999999998, 
            5.9312120000000004
        ], 
        [
            4.0703529999999999, 
            5.6411490000000004, 
            0.92876000000000003, 
            2.4995569999999998
        ], 
        [
            3.591135, 
            5.1619320000000002, 
            0.44954300000000003, 
            2.0203389999999999
        ], 
        [
            1.6725019999999999, 
            3.2432979999999998, 
            4.814095, 
            0.101706
        ], 
        [
            1.5061119999999999, 
            3.076908, 
            4.6477040000000001, 
            6.2185009999999998
        ], 
        [
            6.1070130000000002, 
            1.3946240000000001, 
            2.9654210000000001, 
            4.5362169999999997
        ], 
        [
            5.3620859999999997, 
            0.64969699999999997, 
            2.2204929999999998, 
            3.7912889999999999
        ], 
        [
            6.1023139999999998, 
            1.3899250000000001, 
            2.9607209999999999, 
            4.531517
        ], 
        [
            2.590983, 
            4.1617800000000003, 
            5.7325759999999999, 
            1.020187
        ], 
        [
            5.8868819999999999, 
            1.174493, 
            2.7452890000000001, 
            4.3160860000000003
        ], 
        [
            1.7646790000000001, 
            3.3354750000000002, 
            4.9062710000000003, 
            0.193882
        ], 
        [
            1.9364650000000001, 
            3.5072610000000002, 
            5.0780570000000003, 
            0.36566799999999999
        ], 
        [
            3.9675029999999998, 
            5.5382990000000003, 
            0.82591000000000003, 
            2.3967070000000001
        ], 
        [
            0.69590300000000005, 
            2.2667000000000002, 
            3.8374959999999998, 
            5.4082920000000003
        ], 
        [
            4.3917089999999996, 
            5.9625050000000002, 
            1.250116, 
            2.820913
        ], 
        [
            1.1341829999999999, 
            2.7049799999999999, 
            4.2757759999999996, 
            5.8465720000000001
        ], 
        [
            0.195969, 
            1.7667649999999999, 
            3.337561, 
            4.9083569999999996
        ], 
        [
            0.57541500000000001, 
            2.1462110000000001, 
            3.7170079999999999, 
            5.2878040000000004
        ], 
        [
            0.34026600000000001, 
            1.911062, 
            3.4818579999999999, 
            5.0526549999999997
        ], 
        [
            5.0967989999999999, 
            0.38440999999999997, 
            1.955206, 
            3.5260030000000002
        ], 
        [
            5.9251639999999997, 
            1.2127760000000001, 
            2.7835719999999999, 
            4.354368
        ], 
        [
            6.1891160000000003, 
            1.4767269999999999, 
            3.047523, 
            4.6183199999999998
        ], 
        [
            5.2064950000000003, 
            0.49410599999999999, 
            2.0649030000000002, 
            3.6356989999999998
        ], 
        [
            0.77509499999999998, 
            2.3458909999999999, 
            3.9166880000000002, 
            5.4874840000000003
        ], 
        [
            3.198226, 
            4.7690229999999998, 
            0.056633999999999997, 
            1.6274299999999999
        ], 
        [
            3.988219, 
            5.5590159999999997, 
            0.84662700000000002, 
            2.4174229999999999
        ], 
        [
